2nd Semester Enrolled  Average of Inflation rate	 Average of Unemployment rate
    0	                         1.20	                          11.69
    1	                         1.90	                          11.53
    2	                         1.10	                           9.62
    3	                         1.17	                          11.63
    4	                         1.64	                          11.15
    5	                         1.30	                          10.72
    6	                         1.14	                          11.84
    7	                         1.37	                          10.93
    8	                         1.25	                          12.46
    9	                         1.26	                          11.42
    10	                        1.01	                          10.77
    11	                        1.20	                          10.69
    12	                        1.74	                          13.21
    13	                        1.70	                          13.39
    14	                        1.31	                           8.31
    15	                        2.55	                          11.75
    16                      	0.60	                          11.10
    17	                        0.72	                          12.53
    18	                        1.45	                          11.90
    19	                        0.50	                          12.40
    21	                        2.60	                           7.60
    23	                        2.60	                           7.60
         
          Grand Total	          1.23	                          11.57
