1st Semester Enrolled   Average of Inflation rate   Average of Unemployment rate
        0	                       1.20	                    11.69
        1	                       1.11	                    11.53
        2	                       1.57	                    11.73
        3	                       1.17	                    11.27
        4	                       1.91	                    11.17
        5	                       1.30	                    10.71
        6	                       1.13	                    11.84
        7	                       1.14	                    12.43
        8	                       1.51	                    11.03
        9                              1.93	                    11.22
        10	                       1.36	                    10.63
        11	                       0.89	                    11.20
        12	                       1.45	                    10.45
        13	                       1.63	                    13.06
        14	                       1.50	                    10.72
        15                             1.21	                    10.22
        16	                       0.77	                    12.25
        17	                       1.31	                    12.86
        18	                       2.39	                    15.19
        19	                       2.80	                    15.50
        21	                       1.02	                    10.80
        23	                       2.60	                     7.60
        26	                       2.80	                    15.50
        
        Grand Total	               1.23	                    11.57
